   =============================
    Compare matches sampson vs angle2d
      queryIdx	sampson	angle2d
      --------	-------	-----
      32	-1	77
      170	272	272
      184	286	286
      186	287	287
      191	296	296
      194	298	298
      197	303	303
      215	324	324
      216	331	331
      233	357	357
      238	362	362
      241	364	364
      255	382	382
      360	884	884
      395	-1	927
      409	-1	862
      410	874	874
      419	735	735
      426	847	847
      430	-1	846
      460	739	739
      473	-1	597
      486	687	687
      512	576	576
      516	697	697
      520	740	740
      521	681	681
      532	647	647
      537	648	648
      567	554	554
      568	901	901
      644	-1	882
      698	872	872
      --------	-------	-----
             	27	33
      --------	-------	-----
     Matches sampson not angle2d
      imgIdx	queryIdx	trainIdx	distance
      ------	--------	--------	--------
      ------	--------	--------	--------
     Matches angle2d not sampson
      imgIdx	queryIdx	trainIdx	distance
      ------	--------	--------	--------
      -1	32	77	83.5464
      -1	395	927	49.6991
      -1	409	862	88.7919
      -1	430	846	91.2085
      -1	473	597	94.101
      -1	644	882	88.4477
      ------	--------	--------	--------
     Matches sampson and angle2d
      imgIdx	queryIdx	trainIdx	distance
      ------	--------	--------	--------
      -1	170	272	85.8895
      -1	184	286	98.8534
      -1	186	287	69.9285
      -1	191	296	58.9067
      -1	194	298	73.6614
      -1	197	303	93.4291
      -1	215	324	94.5516
      -1	216	331	94.747
      -1	233	357	69.0869
      -1	238	362	98.4886
      -1	241	364	96.6851
      -1	255	382	90.0611
      -1	360	884	83.66
      -1	410	874	76.7724
      -1	419	735	91.7061
      -1	426	847	80.895
      -1	460	739	96.4158
      -1	486	687	84.3327
      -1	512	576	60.0083
      -1	516	697	85.3112
      -1	520	740	62.506
      -1	521	681	89.7831
      -1	532	647	63.8905
      -1	537	648	85.2408
      -1	567	554	77.6724
      -1	568	901	90.6035
      -1	698	872	97.9898
      ------	--------	--------	--------
     Matches sampson and angle2d with different targetIdx
      imgIdx	queryIdx	trainIdx1	trainIdx2
      ------	--------	--------	--------
      ------	--------	--------	--------
    Matches 1 not 2 size  0
    Matches 2 not 1 size  6
    Matches 1 and 2 size  27
    Matches 1 diff 2 size 0
/home/icirauqui/workspace_phd/fisheye_matcher/images/out/Matches_Segregation__sampson_vs_angle2d.png
