217 313 94.5516
463 579 147.794
501 653 119.168
523 677 85.3112
591 711 162.139
713 856 97.9898
788 950 136.426
1032 1293 114.013
1081 1339 72.111
1082 1340 81.768
1103 1336 115.213
1318 1657 80.7589
1338 1570 177.333
1345 1576 134.387
1348 1699 179.391
1358 1689 128.168
1391 1739 124.92
1403 1749 90.0611
1404 1774 144.395
1409 1757 130.889
1428 1818 145.657
1447 1707 123.754
1469 1844 147.241
1508 1785 108.619
1548 1805 179.388
1549 1922 151.849
1565 1944 96.6851
1572 1948 175.051
1590 1977 111.602
1591 1978 98.4886
1606 2010 121.947
1611 1900 144.575
1623 2018 100.329
1632 2019 130.257
1639 2011 147.448
1679 2041 77.6724
1688 2059 93.659
1697 2080 171.939
1738 2116 156.458
1767 2139 125.988
1779 2165 138.503
1789 2112 69.0869
1795 2184 194
1802 2170 115.195
1803 2171 116.207
1814 2219 155.637
1815 2213 104.8
1829 2130 117.707
1894 2279 154.596
1897 2284 101.922
1905 2291 74.2698
1911 2288 85.2408
1999 2373 117.864
2016 2344 115.888
2027 2386 62.506
2033 2360 103.788
2083 2420 60.0083
2134 2496 100.658
2147 2506 63.2139
2206 2005 161.217
2207 2597 148.449
2216 2600 92.8332
2222 2623 136.308
2292 2656 138.852
2299 2663 78.7147
2316 2644 94.101
2377 2721 134.733
2378 2722 106.071
2469 2790 183.685
2491 2772 107.833
2520 2827 131.67
2534 2904 149.536
2554 2887 119.725
2555 2874 53.5257
2580 2921 137.266
2594 2952 142.39
2612 2930 129.445
2620 2966 131.461
2627 2946 91.2085
2629 2940 93.4291
2638 2947 80.895
2639 2978 99.5239
2643 2951 91.7442
2671 3047 131.095
2672 2986 167.684
2681 3006 87
2685 3013 91.7061
2691 3060 175.037
2702 3018 125.865
2711 3035 73.6614
2721 3042 145.138
2723 3059 59.5147
2740 3092 131.943
2751 3053 133.169
2753 3062 126.882
2757 3100 115.815
2791 3107 88.7919
2814 3155 143.161
2815 3130 134.302
2816 3145 136.433
2828 3189 157.937
2835 3177 130.759
2855 3204 107.005
2857 3166 49.6991
2863 3167 58.9067
2880 3214 144.451
2948 3283 113.591
2952 3290 133.955
2953 3278 69.9285
2987 3317 103.238
2992 3332 96.4417
2993 3333 104.719
3015 3321 80.3057
3045 3370 141.626
3085 3394 166.79
3095 3432 110.729
3115 3447 160.496
3131 3482 83.66
3158 3483 86.151
3238 3583 172.821
3242 3598 117.712
3270 3622 93.5361
3279 3621 123.831
3306 3653 116.228
3317 3670 150.572
3409 3780 152.102
3419 3805 141.718
3432 3862 151.931
3445 3831 133.353
3489 3925 172.656
3507 3937 118.6
3542 3975 152.42
3545 3981 135.3
3546 3992 112.903
3618 4114 137.153
3817 4300 147.411
3871 4340 114.237
3915 4381 149.92
3918 4384 148.057
3920 4392 140.752
3948 4429 55.6597
3968 4404 104.59
3980 4439 115.122
3981 4440 117.966
3986 4424 163.487
4058 4518 123.033
4073 4528 153.955
4077 4540 92.7847
4082 4539 119.344
4101 4577 137.495
4139 4585 171.368
4216 4647 132.348
4223 4666 129.136
4252 4683 158.316
4285 4707 90.6035
4297 4735 63.3798
4298 4749 149.389
4351 4806 135.996
4357 4797 90.0611
4373 4791 150.983
4379 4822 133.413
4389 4820 119.336
4413 4861 113.181
4417 6946 161.632
4439 4860 145.334
4490 4933 106.433
4529 4965 129.981
4587 5027 162.287
4599 5044 183.864
4691 5175 101.104
4693 5171 151.72
4726 5204 139.216
4734 5241 127.291
4824 5322 104.532
4861 5338 120.76
4904 5389 126.862
4992 5517 112.477
5060 5577 139.796
5155 5711 153.532
5156 5712 168.864
5174 5736 151.727
5208 5707 140.748
5259 5834 153.581
5275 5850 166.88
5444 6065 129.035
5503 6092 90.3161
5509 6111 149.459
5555 6183 166.457
5687 6315 114.237
6261 6964 88.4477
